E:\anaconda\Anaconda3\envs\AS\python.exe "D:\1Modules\825G5Z-Adaptive Systems\labs\Sandbox\AS_autumn_2023\Sandbox_demos\hungry_a2\test_hungry_ctrnn.py"
pygame 2.5.2 (SDL 2.28.3, Python 3.11.5)
Hello from the pygame community. https://www.pygame.org/contribute.html

 ****** Running generation 0 ******

pygame 2.5.2 (SDL 2.28.3, Python 3.11.5)
Hello from the pygame community. https://www.pygame.org/contribute.html
pygame 2.5.2 (SDL 2.28.3, Python 3.11.5)
Hello from the pygame community. https://www.pygame.org/contribute.html
pygame 2.5.2 (SDL 2.28.3, Python 3.11.5)
Hello from the pygame community. https://www.pygame.org/contribute.html
pygame 2.5.2 (SDL 2.28.3, Python 3.11.5)
Hello from the pygame community. https://www.pygame.org/contribute.html
pygame 2.5.2 (SDL 2.28.3, Python 3.11.5)
Hello from the pygame community. https://www.pygame.org/contribute.html
pygame 2.5.2 (SDL 2.28.3, Python 3.11.5)
Hello from the pygame community. https://www.pygame.org/contribute.html
Population's average fitness: 0.07359 stdev: 0.09981
Best fitness: 0.41334 - size: (7, 26) - species 13 - id 13
Average adjusted fitness: 0.068
Mean genetic distance 3.434, standard deviation 0.341
Population of 200 members in 100 species:
   ID   age  size  fitness  adj fit  stag
  ====  ===  ====  =======  =======  ====
     1    0     2      0.0    0.024     0
     2    0     2      0.2    0.223     0
     3    0     2      0.0    0.003     0
     4    0     2      0.0    0.016     0
     5    0     2      0.0    0.027     0
     6    0     2      0.0    0.006     0
     7    0     2      0.0    0.005     0
     8    0     2      0.0    0.011     0
     9    0     2      0.0    0.000     0
    10    0     2      0.0    0.007     0
    11    0     2      0.0    0.015     0
    12    0     2      0.3    0.256     0
    13    0     2      0.4    0.408     0
    14    0     2      0.0    0.014     0
    15    0     2      0.0    0.019     0
    16    0     2      0.0    0.004     0
    17    0     2      0.3    0.259     0
    18    0     2      0.0    0.008     0
    19    0     2      0.1    0.071     0
    20    0     2      0.0    0.014     0
    21    0     2      0.0    0.001     0
    22    0     2      0.0    0.008     0
    23    0     2      0.0    0.006     0
    24    0     2      0.0    0.009     0
    25    0     2      0.2    0.219     0
    26    0     2      0.0    0.022     0
    27    0     2      0.0    0.021     0
    28    0     2      0.3    0.272     0
    29    0     2      0.0    0.010     0
    30    0     2      0.0    0.006     0
    31    0     2      0.0    0.007     0
    32    0     2      0.0    0.017     0
    33    0     2      0.0    0.018     0
    34    0     2      0.0    0.005     0
    35    0     2      0.0    0.022     0
    36    0     2      0.3    0.273     0
    37    0     2      0.2    0.225     0
    38    0     2      0.0    0.008     0
    39    0     2      0.0    0.019     0
    40    0     2      0.0    0.001     0
    41    0     2      0.0    0.044     0
    42    0     2      0.3    0.252     0
    43    0     2      0.3    0.257     0
    44    0     2      0.2    0.223     0
    45    0     2      0.0    0.006     0
    46    0     2      0.1    0.049     0
    47    0     2      0.0    0.027     0
    48    0     2      0.0    0.030     0
    49    0     2      0.0    0.002     0
    50    0     2      0.2    0.224     0
    51    0     2      0.0    0.030     0
    52    0     2      0.0    0.041     0
    53    0     2      0.0    0.017     0
    54    0     2      0.0    0.017     0
    55    0     2      0.0    0.016     0
    56    0     2      0.0    0.044     0
    57    0     2      0.1    0.089     0
    58    0     2      0.0    0.012     0
    59    0     2      0.0    0.012     0
    60    0     2      0.1    0.049     0
    61    0     2      0.0    0.006     0
    62    0     2      0.2    0.163     0
    63    0     2      0.1    0.049     0
    64    0     2      0.2    0.208     0
    65    0     2      0.0    0.008     0
    66    0     2      0.0    0.000     0
    67    0     2      0.0    0.027     0
    68    0     2      0.0    0.015     0
    69    0     2      0.1    0.046     0
    70    0     2      0.0    0.018     0
    71    0     2      0.0    0.010     0
    72    0     2      0.0    0.015     0
    73    0     2      0.2    0.223     0
    74    0     2      0.0    0.005     0
    75    0     2      0.0    0.021     0
    76    0     2      0.0    0.005     0
    77    0     2      0.3    0.254     0
    78    0     2      0.0    0.001     0
    79    0     2      0.3    0.249     0
    80    0     2      0.0    0.006     0
    81    0     2      0.3    0.263     0
    82    0     2      0.0    0.018     0
    83    0     2      0.0    0.034     0
    84    0     2      0.0    0.013     0
    85    0     2      0.0    0.019     0
    86    0     2      0.0    0.014     0
    87    0     2      0.0    0.015     0
    88    0     2      0.3    0.271     0
    89    0     2      0.0    0.006     0
    90    0     2      0.0    0.002     0
    91    0     2      0.0    0.005     0
    92    0     2      0.0    0.007     0
    93    0     2      0.0    0.011     0
    94    0     2      0.3    0.322     0
    95    0     2      0.2    0.216     0
    96    0     2      0.0    0.032     0
    97    0     2      0.2    0.241     0
    98    0     2      0.0    0.006     0
    99    0     2      0.0    0.015     0
   100    0     2      0.0    0.009     0
Total extinctions: 0
Generation time: 26.845 sec

 ****** Running generation 1 ******

Population's average fitness: 0.08312 stdev: 0.11135
Best fitness: 0.45550 - size: (7, 26) - species 37 - id 187
Average adjusted fitness: 0.080
Mean genetic distance 3.434, standard deviation 0.341
Population of 200 members in 100 species:
   ID   age  size  fitness  adj fit  stag
  ====  ===  ====  =======  =======  ====
     1    1     2      0.0    0.019     1
     2    1     2      0.4    0.214     0
     3    1     2      0.0    0.024     0
     4    1     2      0.1    0.064     0
     5    1     2      0.3    0.177     0
     6    1     2      0.2    0.131     0
     7    1     2      0.0    0.006     1
     8    1     2      0.0    0.009     0
     9    1     2      0.0    0.011     0
    10    1     2      0.1    0.051     0
    11    1     2      0.0    0.015     0
    12    1     2      0.2    0.229     1
    13    1     2      0.3    0.259     1
    14    1     2      0.0    0.022     0
    15    1     2      0.0    0.012     1
    16    1     2      0.2    0.123     0
    17    1     2      0.2    0.131     1
    18    1     2      0.0    0.026     0
    19    1     2      0.3    0.258     0
    20    1     2      0.0    0.011     0
    21    1     2      0.0    0.019     0
    22    1     2      0.1    0.028     0
    23    1     2      0.0    0.010     0
    24    1     2      0.0    0.024     0
    25    1     2      0.2    0.232     0
    26    1     2      0.0    0.025     0
    27    1     2      0.0    0.013     0
    28    1     2      0.2    0.146     1
    29    1     2      0.0    0.009     0
    30    1     2      0.3    0.134     0
    31    1     2      0.0    0.010     0
    32    1     2      0.4    0.313     0
    33    1     2      0.0    0.019     1
    34    1     2      0.0    0.018     0
    35    1     2      0.1    0.026     0
    36    1     2      0.3    0.135     1
    37    1     2      0.5    0.341     0
    38    1     2      0.0    0.032     0
    39    1     2      0.0    0.018     1
    40    1     2      0.0    0.017     0
    41    1     2      0.2    0.103     0
    42    1     2      0.2    0.118     1
    43    1     2      0.3    0.239     1
    44    1     2      0.1    0.088     1
    45    1     2      0.0    0.008     0
    46    1     2      0.1    0.085     0
    47    1     2      0.0    0.025     0
    48    1     2      0.0    0.013     1
    49    1     2      0.0    0.013     0
    50    1     2      0.3    0.219     0
    51    1     2      0.1    0.036     0
    52    1     2      0.0    0.026     1
    53    1     2      0.0    0.013     1
    54    1     2      0.0    0.020     0
    55    1     2      0.0    0.017     1
    56    1     2      0.0    0.021     1
    57    1     2      0.3    0.297     0
    58    1     2      0.0    0.025     0
    59    1     2      0.0    0.003     1
    60    1     2      0.1    0.036     0
    61    1     2      0.0    0.010     0
    62    1     2      0.4    0.201     0
    63    1     2      0.1    0.086     0
    64    1     2      0.4    0.207     0
    65    1     2      0.0    0.012     0
    66    1     2      0.0    0.014     0
    67    1     2      0.0    0.024     0
    68    1     2      0.1    0.031     0
    69    1     2      0.1    0.053     0
    70    1     2      0.0    0.018     1
    71    1     2      0.0    0.014     0
    72    1     2      0.0    0.032     0
    73    1     2      0.4    0.316     0
    74    1     2      0.0    0.007     0
    75    1     2      0.2    0.193     0
    76    1     2      0.0    0.013     0
    77    1     2      0.4    0.352     0
    78    1     2      0.0    0.026     0
    79    1     2      0.3    0.249     0
    80    1     2      0.0    0.015     0
    81    1     2      0.4    0.354     0
    82    1     2      0.0    0.021     0
    83    1     2      0.2    0.126     0
    84    1     2      0.0    0.006     1
    85    1     2      0.0    0.019     1
    86    1     2      0.0    0.028     0
    87    1     2      0.0    0.024     0
    88    1     2      0.3    0.200     0
    89    1     2      0.0    0.015     0
    90    1     2      0.0    0.009     0
    91    1     2      0.0    0.008     0
    92    1     2      0.0    0.016     0
    93    1     2      0.0    0.008     1
    94    1     2      0.2    0.180     1
    95    1     2      0.2    0.127     0
    96    1     2      0.0    0.024     1
    97    1     2      0.2    0.133     0
    98    1     2      0.0    0.015     0
    99    1     2      0.0    0.019     0
   100    1     2      0.0    0.028     0
Total extinctions: 0
Generation time: 49.308 sec (38.076 average)

 ****** Running generation 2 ******

Population's average fitness: 0.07844 stdev: 0.10683
Best fitness: 0.47464 - size: (7, 26) - species 50 - id 50
Average adjusted fitness: 0.076
Mean genetic distance 3.434, standard deviation 0.341
Population of 200 members in 100 species:
   ID   age  size  fitness  adj fit  stag
  ====  ===  ====  =======  =======  ====
     1    2     2      0.0    0.013     2
     2    2     2      0.2    0.120     1
     3    2     2      0.1    0.042     0
     4    2     2      0.0    0.021     1
     5    2     2      0.0    0.024     1
     6    2     2      0.2    0.137     0
     7    2     2      0.0    0.008     0
     8    2     2      0.0    0.006     1
     9    2     2      0.0    0.007     1
    10    2     2      0.0    0.026     1
    11    2     2      0.0    0.033     0
    12    2     2      0.2    0.235     2
    13    2     2      0.2    0.231     2
    14    2     2      0.0    0.017     1
    15    2     2      0.0    0.017     2
    16    2     2      0.2    0.102     1
    17    2     2      0.3    0.135     2
    18    2     2      0.0    0.015     1
    19    2     2      0.3    0.255     1
    20    2     2      0.0    0.025     0
    21    2     2      0.0    0.021     1
    22    2     2      0.0    0.025     1
    23    2     2      0.0    0.014     0
    24    2     2      0.0    0.016     1
    25    2     2      0.5    0.354     0
    26    2     2      0.0    0.018     1
    27    2     2      0.0    0.021     0
    28    2     2      0.3    0.165     2
    29    2     2      0.0    0.017     0
    30    2     2      0.2    0.117     1
    31    2     2      0.0    0.023     0
    32    2     2      0.3    0.256     1
    33    2     2      0.1    0.035     0
    34    2     2      0.0    0.012     1
    35    2     2      0.0    0.015     1
    36    2     2      0.4    0.219     0
    37    2     2      0.4    0.289     1
    38    2     2      0.0    0.015     1
    39    2     2      0.0    0.015     2
    40    2     2      0.0    0.025     0
    41    2     2      0.0    0.035     1
    42    2     2      0.0    0.039     2
    43    2     2      0.4    0.328     0
    44    2     2      0.3    0.252     0
    45    2     2      0.0    0.011     0
    46    2     2      0.0    0.028     1
    47    2     2      0.0    0.018     1
    48    2     2      0.0    0.016     2
    49    2     2      0.0    0.010     1
    50    2     2      0.5    0.351     0
    51    2     2      0.1    0.036     1
    52    2     2      0.2    0.118     0
    53    2     2      0.0    0.012     2
    54    2     2      0.0    0.018     1
    55    2     2      0.0    0.021     0
    56    2     2      0.0    0.027     2
    57    2     2      0.4    0.284     0
    58    2     2      0.1    0.078     0
    59    2     2      0.0    0.010     2
    60    2     2      0.0    0.013     1
    61    2     2      0.0    0.011     1
    62    2     2      0.2    0.130     1
    63    2     2      0.1    0.076     1
    64    2     2      0.3    0.146     1
    65    2     2      0.0    0.026     0
    66    2     2      0.1    0.064     0
    67    2     2      0.0    0.017     1
    68    2     2      0.0    0.022     1
    69    2     2      0.3    0.158     0
    70    2     2      0.0    0.014     2
    71    2     2      0.0    0.012     1
    72    2     2      0.0    0.017     1
    73    2     2      0.2    0.151     1
    74    2     2      0.0    0.019     0
    75    2     2      0.2    0.145     1
    76    2     2      0.0    0.012     0
    77    2     2      0.3    0.165     1
    78    2     2      0.0    0.018     1
    79    2     2      0.4    0.326     0
    80    2     2      0.0    0.021     0
    81    2     2      0.2    0.229     1
    82    2     2      0.0    0.020     1
    83    2     2      0.3    0.151     0
    84    2     2      0.0    0.013     0
    85    2     2      0.0    0.017     2
    86    2     2      0.0    0.012     1
    87    2     2      0.0    0.010     1
    88    2     2      0.2    0.224     1
    89    2     2      0.0    0.006     1
    90    2     2      0.0    0.006     1
    91    2     2      0.0    0.006     1
    92    2     2      0.0    0.021     0
    93    2     2      0.0    0.018     0
    94    2     2      0.2    0.103     2
    95    2     2      0.2    0.127     0
    96    2     2      0.0    0.013     2
    97    2     2      0.3    0.133     0
    98    2     2      0.0    0.019     0
    99    2     2      0.0    0.015     1
   100    2     2      0.0    0.021     1
Total extinctions: 0
Generation time: 47.411 sec (41.188 average)

 ****** Running generation 3 ******

Population's average fitness: 0.07542 stdev: 0.10039
Best fitness: 0.45202 - size: (7, 25) - species 43 - id 193
Average adjusted fitness: 0.072
Mean genetic distance 3.434, standard deviation 0.341
Population of 200 members in 100 species:
   ID   age  size  fitness  adj fit  stag
  ====  ===  ====  =======  =======  ====
     1    3     2      0.0    0.014     3
     2    3     2      0.2    0.088     2
     3    3     2      0.0    0.032     1
     4    3     2      0.0    0.023     2
     5    3     2      0.0    0.018     2
     6    3     2      0.1    0.058     1
     7    3     2      0.0    0.008     0
     8    3     2      0.0    0.004     2
     9    3     2      0.0    0.006     2
    10    3     2      0.0    0.032     2
    11    3     2      0.0    0.022     1
    12    3     2      0.3    0.223     0
    13    3     2      0.2    0.211     3
    14    3     2      0.0    0.012     2
    15    3     2      0.0    0.010     3
    16    3     2      0.3    0.133     0
    17    3     2      0.3    0.140     3
    18    3     2      0.0    0.005     2
    19    3     2      0.4    0.338     0
    20    3     2      0.0    0.031     0
    21    3     2      0.0    0.012     2
    22    3     2      0.0    0.018     2
    23    3     2      0.0    0.010     1
    24    3     2      0.0    0.018     2
    25    3     2      0.2    0.221     1
    26    3     2      0.1    0.034     0
    27    3     2      0.0    0.007     1
    28    3     2      0.3    0.134     3
    29    3     2      0.0    0.017     0
    30    3     2      0.2    0.133     2
    31    3     2      0.0    0.015     1
    32    3     2      0.2    0.241     2
    33    3     2      0.0    0.017     1
    34    3     2      0.0    0.017     2
    35    3     2      0.0    0.016     2
    36    3     2      0.3    0.181     1
    37    3     2      0.3    0.244     2
    38    3     2      0.0    0.018     2
    39    3     2      0.0    0.019     3
    40    3     2      0.0    0.018     1
    41    3     2      0.1    0.036     2
    42    3     2      0.3    0.146     0
    43    3     2      0.5    0.351     0
    44    3     2      0.2    0.144     1
    45    3     2      0.0    0.023     0
    46    3     2      0.1    0.066     2
    47    3     2      0.0    0.013     2
    48    3     2      0.1    0.034     0
    49    3     2      0.0    0.008     2
    50    3     2      0.2    0.217     1
    51    3     2      0.0    0.013     2
    52    3     2      0.0    0.043     1
    53    3     2      0.0    0.017     0
    54    3     2      0.0    0.009     2
    55    3     2      0.0    0.015     1
    56    3     2      0.0    0.017     3
    57    3     2      0.4    0.323     0
    58    3     2      0.0    0.024     1
    59    3     2      0.0    0.011     3
    60    3     2      0.0    0.011     2
    61    3     2      0.0    0.008     2
    62    3     2      0.3    0.190     2
    63    3     2      0.1    0.046     2
    64    3     2      0.2    0.128     2
    65    3     2      0.0    0.011     1
    66    3     2      0.1    0.045     1
    67    3     2      0.0    0.020     2
    68    3     2      0.0    0.016     2
    69    3     2      0.3    0.152     1
    70    3     2      0.0    0.018     3
    71    3     2      0.0    0.013     2
    72    3     2      0.1    0.036     0
    73    3     2      0.3    0.236     2
    74    3     2      0.0    0.008     1
    75    3     2      0.4    0.268     0
    76    3     2      0.0    0.011     1
    77    3     2      0.2    0.231     2
    78    3     2      0.0    0.010     2
    79    3     2      0.3    0.240     1
    80    3     2      0.0    0.027     0
    81    3     2      0.3    0.244     2
    82    3     2      0.0    0.014     2
    83    3     2      0.2    0.146     1
    84    3     2      0.0    0.016     0
    85    3     2      0.0    0.024     0
    86    3     2      0.1    0.034     0
    87    3     2      0.0    0.013     2
    88    3     2      0.2    0.139     2
    89    3     2      0.0    0.003     2
    90    3     2      0.0    0.011     0
    91    3     2      0.0    0.012     0
    92    3     2      0.0    0.025     0
    93    3     2      0.1    0.038     0
    94    3     2      0.2    0.127     3
    95    3     2      0.2    0.122     1
    96    3     2      0.0    0.018     3
    97    3     2      0.2    0.128     1
    98    3     2      0.1    0.029     0
    99    3     2      0.0    0.012     2
   100    3     2      0.0    0.016     2
Total extinctions: 0
Generation time: 53.279 sec (44.211 average)

 ****** Running generation 4 ******

Population's average fitness: 0.07694 stdev: 0.10057
Best fitness: 0.44577 - size: (7, 26) - species 36 - id 198
Average adjusted fitness: 0.073
Mean genetic distance 3.434, standard deviation 0.341
Population of 200 members in 100 species:
   ID   age  size  fitness  adj fit  stag
  ====  ===  ====  =======  =======  ====
     1    4     2      0.0    0.019     0
     2    4     2      0.2    0.136     3
     3    4     2      0.0    0.020     2
     4    4     2      0.1    0.033     3
     5    4     2      0.0    0.020     3
     6    4     2      0.2    0.120     2
     7    4     2      0.0    0.009     0
     8    4     2      0.0    0.007     3
     9    4     2      0.0    0.008     3
    10    4     2      0.0    0.035     3
    11    4     2      0.0    0.022     2
    12    4     2      0.4    0.287     0
    13    4     2      0.3    0.158     4
    14    4     2      0.0    0.012     3
    15    4     2      0.1    0.041     0
    16    4     2      0.2    0.117     1
    17    4     2      0.3    0.140     0
    18    4     2      0.0    0.014     3
    19    4     2      0.3    0.260     1
    20    4     2      0.0    0.027     1
    21    4     2      0.0    0.010     3
    22    4     2      0.0    0.007     3
    23    4     2      0.0    0.016     0
    24    4     2      0.0    0.024     3
    25    4     2      0.2    0.235     2
    26    4     2      0.0    0.021     1
    27    4     2      0.0    0.015     2
    28    4     2      0.3    0.243     4
    29    4     2      0.0    0.007     1
    30    4     2      0.2    0.128     3
    31    4     2      0.0    0.013     2
    32    4     2      0.3    0.247     3
    33    4     2      0.0    0.018     2
    34    4     2      0.0    0.018     3
    35    4     2      0.0    0.010     3
    36    4     2      0.4    0.268     0
    37    4     2      0.3    0.281     3
    38    4     2      0.0    0.013     3
    39    4     2      0.1    0.034     0
    40    4     2      0.1    0.051     0
    41    4     2      0.1    0.049     3
    42    4     2      0.0    0.030     1
    43    4     2      0.2    0.149     1
    44    4     2      0.2    0.216     2
    45    4     2      0.0    0.017     1
    46    4     2      0.3    0.153     0
    47    4     2      0.0    0.013     3
    48    4     2      0.0    0.007     1
    49    4     2      0.0    0.005     3
    50    4     2      0.3    0.230     2
    51    4     2      0.0    0.022     3
    52    4     2      0.3    0.148     0
    53    4     2      0.0    0.019     0
    54    4     2      0.0    0.028     0
    55    4     2      0.0    0.008     2
    56    4     2      0.0    0.027     4
    57    4     2      0.2    0.225     1
    58    4     2      0.0    0.013     2
    59    4     2      0.0    0.011     0
    60    4     2      0.0    0.026     3
    61    4     2      0.0    0.007     3
    62    4     2      0.2    0.125     3
    63    4     2      0.1    0.085     0
    64    4     2      0.3    0.127     3
    65    4     2      0.0    0.008     2
    66    4     2      0.1    0.033     2
    67    4     2      0.0    0.012     3
    68    4     2      0.0    0.017     3
    69    4     2      0.1    0.044     2
    70    4     2      0.1    0.038     0
    71    4     2      0.0    0.007     3
    72    4     2      0.0    0.011     1
    73    4     2      0.2    0.223     3
    74    4     2      0.0    0.005     2
    75    4     2      0.2    0.179     1
    76    4     2      0.0    0.007     2
    77    4     2      0.4    0.211     3
    78    4     2      0.0    0.017     3
    79    4     2      0.3    0.162     2
    80    4     2      0.1    0.031     0
    81    4     2      0.3    0.251     3
    82    4     2      0.0    0.021     0
    83    4     2      0.2    0.126     2
    84    4     2      0.0    0.011     1
    85    4     2      0.0    0.022     1
    86    4     2      0.0    0.026     1
    87    4     2      0.0    0.027     3
    88    4     2      0.3    0.300     0
    89    4     2      0.0    0.009     3
    90    4     2      0.0    0.010     1
    91    4     2      0.0    0.018     0
    92    4     2      0.0    0.014     1
    93    4     2      0.0    0.021     1
    94    4     2      0.3    0.232     4
    95    4     2      0.3    0.141     0
    96    4     2      0.0    0.017     4
    97    4     2      0.2    0.128     2
    98    4     2      0.0    0.020     1
    99    4     2      0.0    0.015     3
   100    4     2      0.1    0.035     0
Total extinctions: 0
Generation time: 48.431 sec (45.055 average)

 ****** Running generation 5 ******

Population's average fitness: 0.07519 stdev: 0.09969
Best fitness: 0.42097 - size: (7, 26) - species 6 - id 121
Average adjusted fitness: 0.071
Mean genetic distance 3.434, standard deviation 0.341
Population of 200 members in 100 species:
   ID   age  size  fitness  adj fit  stag
  ====  ===  ====  =======  =======  ====
     1    5     2      0.0    0.024     0
     2    5     2      0.1    0.033     4
     3    5     2      0.0    0.016     3
     4    5     2      0.0    0.021     4
     5    5     2      0.1    0.032     4
     6    5     2      0.4    0.212     0
     7    5     2      0.0    0.005     1
     8    5     2      0.0    0.009     4
     9    5     2      0.0    0.012     0
    10    5     2      0.0    0.021     4
    11    5     2      0.0    0.023     3
    12    5     2      0.3    0.235     1
    13    5     2      0.3    0.236     5
    14    5     2      0.0    0.017     4
    15    5     2      0.0    0.015     1
    16    5     2      0.3    0.133     2
    17    5     2      0.2    0.126     1
    18    5     2      0.0    0.011     4
    19    5     2      0.2    0.235     2
    20    5     2      0.0    0.028     2
    21    5     2      0.0    0.013     4
    22    5     2      0.0    0.017     4
    23    5     2      0.0    0.013     1
    24    5     2      0.0    0.017     4
    25    5     2      0.3    0.155     3
    26    5     2      0.0    0.022     2
    27    5     2      0.0    0.004     3
    28    5     2      0.2    0.153     5
    29    5     2      0.0    0.013     2
    30    5     2      0.4    0.199     0
    31    5     2      0.0    0.015     3
    32    5     2      0.2    0.231     4
    33    5     2      0.0    0.025     3
    34    5     2      0.0    0.010     4
    35    5     2      0.0    0.010     4
    36    5     2      0.3    0.164     1
    37    5     2      0.3    0.259     4
    38    5     2      0.0    0.016     4
    39    5     2      0.0    0.011     1
    40    5     2      0.0    0.034     1
    41    5     2      0.1    0.062     4
    42    5     2      0.1    0.056     2
    43    5     2      0.3    0.154     2
    44    5     2      0.2    0.182     3
    45    5     2      0.0    0.013     2
    46    5     2      0.1    0.042     1
    47    5     2      0.0    0.009     4
    48    5     2      0.0    0.011     2
    49    5     2      0.0    0.014     0
    50    5     2      0.2    0.211     3
    51    5     2      0.0    0.017     4
    52    5     2      0.1    0.072     1
    53    5     2      0.1    0.055     0
    54    5     2      0.0    0.012     1
    55    5     2      0.0    0.021     0
    56    5     2      0.0    0.017     5
    57    5     2      0.2    0.116     2
    58    5     2      0.0    0.015     3
    59    5     2      0.0    0.013     0
    60    5     2      0.0    0.013     4
    61    5     2      0.0    0.014     0
    62    5     2      0.4    0.234     0
    63    5     2      0.1    0.097     0
    64    5     2      0.2    0.139     4
    65    5     2      0.0    0.021     3
    66    5     2      0.3    0.136     0
    67    5     2      0.0    0.010     4
    68    5     2      0.0    0.012     4
    69    5     2      0.1    0.102     3
    70    5     2      0.0    0.022     1
    71    5     2      0.0    0.003     4
    72    5     2      0.0    0.027     2
    73    5     2      0.4    0.323     4
    74    5     2      0.0    0.006     3
    75    5     2      0.2    0.130     2
    76    5     2      0.0    0.008     3
    77    5     2      0.4    0.346     4
    78    5     2      0.0    0.016     4
    79    5     2      0.2    0.222     3
    80    5     2      0.0    0.027     1
    81    5     2      0.3    0.246     4
    82    5     2      0.0    0.012     1
    83    5     2      0.2    0.122     3
    84    5     2      0.0    0.018     0
    85    5     2      0.0    0.013     2
    86    5     2      0.1    0.080     0
    87    5     2      0.0    0.027     0
    88    5     2      0.2    0.228     1
    89    5     2      0.0    0.010     4
    90    5     2      0.0    0.007     2
    91    5     2      0.0    0.006     1
    92    5     2      0.0    0.013     2
    93    5     2      0.0    0.007     2
    94    5     2      0.2    0.125     5
    95    5     2      0.2    0.130     1
    96    5     2      0.0    0.017     5
    97    5     2      0.3    0.142     0
    98    5     2      0.0    0.015     2
    99    5     2      0.0    0.022     0
   100    5     2      0.0    0.016     1
Total extinctions: 0
Generation time: 46.485 sec (45.293 average)

 ****** Running generation 6 ******

Population's average fitness: 0.08131 stdev: 0.10718
Best fitness: 0.48185 - size: (7, 26) - species 6 - id 121
Average adjusted fitness: 0.077
Mean genetic distance 3.434, standard deviation 0.341
Population of 200 members in 100 species:
   ID   age  size  fitness  adj fit  stag
  ====  ===  ====  =======  =======  ====
     1    6     2      0.0    0.017     1
     2    6     2      0.2    0.089     5
     3    6     2      0.0    0.016     4
     4    6     2      0.0    0.023     5
     5    6     2      0.0    0.023     5
     6    6     2      0.5    0.247     0
     7    6     2      0.0    0.008     2
     8    6     2      0.0    0.009     0
     9    6     2      0.0    0.009     1
    10    6     2      0.1    0.036     5
    11    6     2      0.0    0.017     4
    12    6     2      0.2    0.233     2
    13    6     2      0.3    0.251     6
    14    6     2      0.0    0.010     5
    15    6     2      0.1    0.040     0
    16    6     2      0.4    0.197     0
    17    6     2      0.2    0.122     2
    18    6     2      0.0    0.009     5
    19    6     2      0.2    0.141     3
    20    6     2      0.0    0.021     3
    21    6     2      0.0    0.022     0
    22    6     2      0.0    0.024     5
    23    6     2      0.0    0.009     2
    24    6     2      0.0    0.020     5
    25    6     2      0.2    0.140     4
    26    6     2      0.0    0.017     3
    27    6     2      0.0    0.004     4
    28    6     2      0.3    0.305     0
    29    6     2      0.0    0.020     0
    30    6     2      0.2    0.146     1
    31    6     2      0.0    0.015     4
    32    6     2      0.3    0.248     5
    33    6     2      0.0    0.018     4
    34    6     2      0.0    0.023     5
    35    6     2      0.0    0.013     5
    36    6     2      0.1    0.076     2
    37    6     2      0.2    0.183     5
    38    6     2      0.0    0.022     5
    39    6     2      0.0    0.016     2
    40    6     2      0.0    0.025     2
    41    6     2      0.1    0.091     5
    42    6     2      0.1    0.045     3
    43    6     2      0.4    0.326     3
    44    6     2      0.3    0.225     4
    45    6     2      0.0    0.008     3
    46    6     2      0.1    0.046     2
    47    6     2      0.0    0.011     5
    48    6     2      0.0    0.005     3
    49    6     2      0.0    0.009     1
    50    6     2      0.3    0.236     4
    51    6     2      0.0    0.012     5
    52    6     2      0.1    0.070     2
    53    6     2      0.0    0.023     1
    54    6     2      0.0    0.022     0
    55    6     2      0.1    0.029     0
    56    6     2      0.0    0.019     6
    57    6     2      0.4    0.324     3
    58    6     2      0.0    0.020     4
    59    6     2      0.0    0.006     1
    60    6     2      0.0    0.020     5
    61    6     2      0.0    0.005     1
    62    6     2      0.2    0.143     1
    63    6     2      0.2    0.130     0
    64    6     2      0.3    0.131     5
    65    6     2      0.0    0.011     4
    66    6     2      0.3    0.128     1
    67    6     2      0.0    0.029     0
    68    6     2      0.0    0.024     5
    69    6     2      0.3    0.178     0
    70    6     2      0.0    0.026     2
    71    6     2      0.0    0.007     5
    72    6     2      0.0    0.017     3
    73    6     2      0.2    0.200     5
    74    6     2      0.0    0.025     4
    75    6     2      0.3    0.246     3
    76    6     2      0.0    0.009     0
    77    6     2      0.3    0.243     5
    78    6     2      0.0    0.014     5
    79    6     2      0.3    0.244     4
    80    6     2      0.0    0.015     2
    81    6     2      0.3    0.258     5
    82    6     2      0.0    0.025     0
    83    6     2      0.2    0.120     4
    84    6     2      0.0    0.010     1
    85    6     2      0.0    0.014     3
    86    6     2      0.0    0.021     1
    87    6     2      0.0    0.016     1
    88    6     2      0.2    0.236     2
    89    6     2      0.0    0.015     0
    90    6     2      0.0    0.009     0
    91    6     2      0.0    0.013     0
    92    6     2      0.0    0.018     3
    93    6     2      0.0    0.004     3
    94    6     2      0.3    0.231     6
    95    6     2      0.5    0.235     0
    96    6     2      0.0    0.012     6
    97    6     2      0.3    0.135     1
    98    6     2      0.0    0.015     3
    99    6     2      0.0    0.018     1
   100    6     2      0.0    0.012     2
Total extinctions: 0
Generation time: 46.823 sec (45.512 average)

 ****** Running generation 7 ******

Population's average fitness: 0.07635 stdev: 0.10571
Best fitness: 0.51382 - size: (8, 28) - species 83 - id 169

Best individual in generation 7 meets fitness threshold - complexity: (8, 28)
winner: Key: 169
Fitness: 0.5138179207130955
Nodes:
	0 DefaultNodeGene(key=0, bias=-0.27127460136852205, response=1.0, activation=sigmoid, aggregation=sum)
	1 DefaultNodeGene(key=1, bias=2.606662616771207, response=1.0, activation=sigmoid, aggregation=sum)
	412 DefaultNodeGene(key=412, bias=-0.0469962984270452, response=1.0, activation=sigmoid, aggregation=sum)
	413 DefaultNodeGene(key=413, bias=0.30363324224280847, response=1.0, activation=sigmoid, aggregation=sum)
	414 DefaultNodeGene(key=414, bias=-0.17983757202888226, response=1.0, activation=sigmoid, aggregation=sum)
	415 DefaultNodeGene(key=415, bias=-0.6012959966114382, response=1.0, activation=sigmoid, aggregation=sum)
	416 DefaultNodeGene(key=416, bias=-0.7287321743962902, response=1.0, activation=sigmoid, aggregation=sum)
	509 DefaultNodeGene(key=509, bias=-2.969385278282946, response=1.0, activation=sigmoid, aggregation=sum)
Connections:
	DefaultConnectionGene(key=(-5, 1), weight=-0.30823031986467, enabled=True)
	DefaultConnectionGene(key=(-5, 412), weight=-0.8921959468694716, enabled=True)
	DefaultConnectionGene(key=(-5, 414), weight=-1.3760847504755152, enabled=True)
	DefaultConnectionGene(key=(-5, 415), weight=1.5516531824233237, enabled=True)
	DefaultConnectionGene(key=(-5, 416), weight=-1.6782112551492172, enabled=True)
	DefaultConnectionGene(key=(-4, 412), weight=2.0040698559903074, enabled=True)
	DefaultConnectionGene(key=(-4, 414), weight=-0.7178589047054883, enabled=True)
	DefaultConnectionGene(key=(-4, 415), weight=-1.2830051205367687, enabled=True)
	DefaultConnectionGene(key=(-3, 413), weight=0.04389922497773166, enabled=True)
	DefaultConnectionGene(key=(-3, 414), weight=0.9157425047197988, enabled=True)
	DefaultConnectionGene(key=(-3, 416), weight=-1.5196875167789559, enabled=True)
	DefaultConnectionGene(key=(-2, 0), weight=0.08665632667550904, enabled=True)
	DefaultConnectionGene(key=(-2, 1), weight=-0.29478981340165517, enabled=True)
	DefaultConnectionGene(key=(-2, 412), weight=0.7314021506587461, enabled=True)
	DefaultConnectionGene(key=(-2, 414), weight=1.7831298170208094, enabled=True)
	DefaultConnectionGene(key=(-1, 0), weight=-1.3240087445098463, enabled=True)
	DefaultConnectionGene(key=(-1, 1), weight=0.6900122405744709, enabled=True)
	DefaultConnectionGene(key=(-1, 415), weight=-0.47103402632847924, enabled=True)
	DefaultConnectionGene(key=(1, 1), weight=1.8032038279051166, enabled=True)
	DefaultConnectionGene(key=(412, 0), weight=0.7167456832819713, enabled=True)
	DefaultConnectionGene(key=(412, 412), weight=0.008952254364479648, enabled=True)
	DefaultConnectionGene(key=(413, 0), weight=-0.23729963407920834, enabled=True)
	DefaultConnectionGene(key=(413, 509), weight=1.3417956989238506, enabled=True)
	DefaultConnectionGene(key=(414, 1), weight=-0.9923055787391503, enabled=True)
	DefaultConnectionGene(key=(415, 415), weight=-0.3859403043870213, enabled=True)
	DefaultConnectionGene(key=(416, 0), weight=1.1361490241912484, enabled=False)
	DefaultConnectionGene(key=(416, 1), weight=-1.5136403980315951, enabled=True)
	DefaultConnectionGene(key=(416, 509), weight=0.04289506052891312, enabled=True)
	DefaultConnectionGene(key=(509, 0), weight=1.214980432565449, enabled=True)
Energy: 39.81945072346485
eval_genome fitness score: 0.12662528493052796

Process finished with exit code 0
